
Wed Mar 25 08:30:36 2020
index	total	hit	ratio	time	stdev	numTread = 3
0	1000	18	0.018125	0.033125	0.00261904
1	1584	22	0.017822	0.044375	0.00292247
2	2511	30	0.0179961	0.059583	0.00307436
3	3981	40	0.0180028	0.081562	0.0028903
4	6309	56	0.0182143	0.109	0.00276481
5	10000	77	0.0181932	0.144895	0.00261408
6	15848	112	0.0184956	0.196339	0.00254274
7	25118	161	0.0186902	0.269218	0.00244071
8	39810	234	0.0188992	0.375347	0.0023853
9	63095	339	0.0190407	0.528625	0.00231377
10	100000	493	0.0191608	0.7575	0.00224004
11	158489	717	0.0192396	1.09828	0.00216312
12	251188	1054	0.0193192	1.60476	0.00209954
13	398107	1559	0.0193969	2.35121	0.0020446
14	630957	2310	0.0194583	3.45433	0.00198886
15	1000000	3437	0.0195144	5.09457	0.00193814
16	1584893	5123	0.0195578	7.58699	0.00188841
17	2511886	7675	0.0196006	6.40512e+10	0.00184371
18	3981071	11548	0.0196432	2.20343	0.00180361
19	6309573	17394	0.019679	5.76461e+10	0.00176488
20	9999999	26251	0.0197105	5.4901e+10	0.00172809

Thu Mar 26 05:08:18 2020
index	total	hit	ratio	time	stdev	numTread = 3
0	1000	18	0.0186875	0.04125	0.00189469
1	1584	23	0.0181032	0.049062	0.00392755
2	2511	30	0.0180093	0.060208	0.00395612
3	3981	41	0.018213	0.084531	0.00353224
4	6309	57	0.0184636	0.115375	0.00328126
5	10000	79	0.018477	0.171562	0.00303373
6	15848	114	0.0187659	0.22991	0.00290742
7	25118	163	0.0189523	0.305781	0.00277032
8	39810	236	0.0191297	0.414652	0.00266904
9	63095	340	0.0192474	0.57175	0.0025655
10	100000	494	0.0193488	0.808011	0.00246828

Thu Mar 26 05:08:30 2020
index	total	hit	ratio	time	stdev	numTread = 3
0	1000	18	0.0186875	0.04125	0.00189469
1	1584	23	0.0181032	0.049062	0.00392755
2	2511	30	0.0180093	0.060208	0.00395612
3	3981	41	0.018213	0.084531	0.00353224
4	6309	57	0.0184636	0.115375	0.00328126
5	10000	79	0.018477	0.171562	0.00303373
6	15848	114	0.0187659	0.22991	0.00290742
7	25118	163	0.0189523	0.305781	0.00277032
8	39810	236	0.0191297	0.414652	0.00266904
9	63095	340	0.0192474	0.57175	0.0025655
10	100000	494	0.0193488	0.808011	0.00246828
11	1000	15	0.015	0.03	6.94209e-310
12	1000	15	0.015	0.03	6.94209e-310
13	1000	15	0.015	0.03	6.94209e-310
14	1000	15	0.015	0.03	6.94209e-310
15	1000	9	0.009	0.02	6.94209e-310
16	1000	9	0.009	0.04	6.94209e-310
17	1000	9	0.009	0.04	6.94209e-310
18	1000	9	0.009	0.04	6.94209e-310
19	1000	25	0.025	0.03	6.94209e-310
20	1000	25	0.025	0.03	6.94209e-310
21	1000	25	0.025	0.03	6.94209e-310
22	1000	25	0.025	0.03	6.94209e-310
23	1000	24	0.024	0.05	6.94209e-310
24	1000	24	0.024	0.05	6.94209e-310
25	1000	24	0.024	0.05	6.94209e-310
26	1000	24	0.024	0.05	6.94209e-310
27	1584	35	0.022096	0.05	6.94209e-310
28	1584	36	0.0227273	0.05	6.94209e-310
29	1584	36	0.0227273	0.05	6.94209e-310
30	1584	36	0.0227273	0.05	6.94209e-310
31	1584	21	0.0132576	0.06	6.94209e-310
32	1584	21	0.0132576	0.06	6.94209e-310
33	1584	21	0.0132576	0.06	6.94209e-310
34	1584	21	0.0132576	0.06	6.94209e-310
35	1584	29	0.0183081	0.06	6.94209e-310
36	1584	29	0.0183081	0.06	6.94209e-310
37	1584	29	0.0183081	0.06	6.94209e-310
38	1584	29	0.0183081	0.06	6.94209e-310
39	1584	38	0.0239899	0.06	6.94209e-310
40	1584	39	0.0246212	0.06	6.94209e-310
41	1584	39	0.0246212	0.06	6.94209e-310
42	1584	39	0.0246212	0.06	6.94209e-310
43	2511	55	0.0219036	0.09	6.94209e-310
44	2511	55	0.0219036	0.1	6.94209e-310
45	2511	55	0.0219036	0.11	6.94209e-310
46	2511	55	0.0219036	0.11	6.94209e-310
47	2511	54	0.0215054	0.1	6.94209e-310
48	2511	54	0.0215054	0.1	6.94209e-310
49	2511	54	0.0215054	0.1	6.94209e-310
50	2511	54	0.0215054	0.1	6.94209e-310
51	2511	33	0.0131422	0.08	6.94209e-310
52	2511	33	0.0131422	0.08	6.94209e-310
53	2511	33	0.0131422	0.08	6.94209e-310
54	2511	33	0.0131422	0.09	6.94209e-310
55	2511	38	0.0151334	0.1	6.94209e-310
56	2511	38	0.0151334	0.1	6.94209e-310
57	2511	38	0.0151334	0.1	6.94209e-310
58	2511	38	0.0151334	0.1	6.94209e-310
59	3981	87	0.0218538	0.14	6.94209e-310
60	3981	87	0.0218538	0.14	6.94209e-310
61	3981	87	0.0218538	0.14	6.94209e-310
62	3981	87	0.0218538	0.14	6.94209e-310
63	3981	72	0.0180859	0.14	6.94209e-310
64	3981	72	0.0180859	0.14	6.94209e-310
65	3981	72	0.0180859	0.14	6.94209e-310
66	3981	72	0.0180859	0.15	6.94209e-310
67	3981	87	0.0218538	0.17	6.94209e-310
68	3981	87	0.0218538	0.17	6.94209e-310
69	3981	87	0.0218538	0.17	6.94209e-310
70	3981	87	0.0218538	0.18	6.94209e-310
71	3981	74	0.0185883	0.15	6.94209e-310
72	3981	74	0.0185883	0.15	6.94209e-310
73	3981	74	0.0185883	0.15	6.94209e-310
74	3981	74	0.0185883	0.15	6.94209e-310
75	6309	107	0.0169599	0.24	6.94209e-310
76	6309	110	0.0174354	0.24	6.94209e-310
77	6309	110	0.0174354	0.24	6.94209e-310
78	6309	110	0.0174354	0.24	6.94209e-310
79	6309	122	0.0193375	0.23	6.94209e-310
80	6309	122	0.0193375	0.23	6.94209e-310
81	6309	122	0.0193375	0.23	6.94209e-310
82	6309	122	0.0193375	0.24	6.94209e-310
83	6309	116	0.0183864	0.18	6.94209e-310
84	6309	116	0.0183864	0.22	6.94209e-310
85	6309	117	0.0185449	0.22	6.94209e-310
86	6309	117	0.0185449	0.22	6.94209e-310
87	6309	108	0.0171184	0.26	6.94209e-310
88	6309	108	0.0171184	0.26	6.94209e-310
89	6309	108	0.0171184	0.26	6.94209e-310
90	6309	108	0.0171184	0.26	6.94209e-310
91	10000	202	0.0202	0.46	6.94209e-310
92	10000	202	0.0202	0.47	6.94209e-310
93	10000	202	0.0202	0.49	6.94209e-310
94	10000	202	0.0202	0.5	6.94209e-310
95	10000	197	0.0197	0.34	6.94209e-310
96	10000	197	0.0197	0.34	6.94209e-310
97	10000	198	0.0198	0.34	6.94209e-310
98	10000	198	0.0198	0.34	6.94209e-310
99	10000	201	0.0201	0.34	6.94209e-310
100	10000	201	0.0201	0.36	6.94209e-310
101	10000	201	0.0201	0.36	6.94209e-310
102	10000	201	0.0201	0.36	6.94209e-310
103	10000	203	0.0203	0.34	6.94209e-310
104	10000	204	0.0204	0.33	6.94209e-310
105	10000	205	0.0205	0.34	6.94209e-310
106	10000	205	0.0205	0.34	6.94209e-310
107	15848	349	0.0220217	0.52	6.94209e-310
108	15848	350	0.0220848	0.51	6.94209e-310
109	15848	350	0.0220848	0.52	6.94209e-310
110	15848	350	0.0220848	0.53	6.94209e-310
111	15848	343	0.0216431	0.5	6.94209e-310
112	15848	343	0.0216431	0.5	6.94209e-310
113	15848	344	0.0217062	0.5	6.94209e-310
114	15848	344	0.0217062	0.5	6.94209e-310
115	15848	275	0.0173523	0.55	6.94209e-310
116	15848	275	0.0173523	0.54	6.94209e-310
117	15848	275	0.0173523	0.55	6.94209e-310
118	15848	275	0.0173523	0.55	6.94209e-310
119	15848	316	0.0199394	0.51	6.94209e-310
120	15848	318	0.0200656	0.53	6.94209e-310
121	15848	318	0.0200656	0.53	6.94209e-310
122	15848	318	0.0200656	0.53	6.94209e-310
123	25118	495	0.019707	0.81	6.94209e-310
124	25118	495	0.019707	0.81	6.94209e-310
125	25118	495	0.019707	0.81	6.94209e-310
126	25118	495	0.019707	0.81	6.94209e-310
127	25118	504	0.0200653	0.79	6.94209e-310
128	25118	504	0.0200653	0.79	6.94209e-310
129	25118	507	0.0201847	0.79	6.94209e-310
130	25118	507	0.0201847	0.79	6.94209e-310
131	25118	493	0.0196274	0.87	6.94209e-310
132	25118	493	0.0196274	0.87	6.94209e-310
133	25118	493	0.0196274	0.87	6.94209e-310
134	25118	493	0.0196274	0.87	6.94209e-310
135	25118	492	0.0195875	0.86	6.94209e-310
136	25118	492	0.0195875	0.85	6.94209e-310
137	25118	493	0.0196274	0.87	6.94209e-310
138	25118	493	0.0196274	0.88	6.94209e-310
139	39810	828	0.0207988	1.37	6.94209e-310
140	39810	828	0.0207988	1.37	6.94209e-310
141	39810	828	0.0207988	1.37	6.94209e-310
142	39810	828	0.0207988	1.38	6.94209e-310
143	39810	783	0.0196684	1.39	6.94209e-310
144	39810	785	0.0197187	1.39	6.94209e-310
145	39810	785	0.0197187	1.39	6.94209e-310
146	39810	785	0.0197187	1.39	6.94209e-310
147	39810	762	0.0191409	1.37	6.94209e-310
148	39810	762	0.0191409	1.37	6.94209e-310
149	39810	762	0.0191409	1.37	6.94209e-310
150	39810	762	0.0191409	1.37	6.94209e-310
151	39810	760	0.0190907	1.37	6.94209e-310
152	39810	760	0.0190907	1.37	6.94209e-310
153	39810	761	0.0191158	1.39	6.94209e-310
154	39810	761	0.0191158	1.39	6.94209e-310
155	63095	1259	0.019954	1.92	6.94209e-310
156	63095	1263	0.0200174	1.92	6.94209e-310
157	63095	1263	0.0200174	1.93	6.94209e-310
158	63095	1263	0.0200174	1.94	6.94209e-310
159	63095	1305	0.0206831	2.08	6.94209e-310
160	63095	1307	0.0207148	2.08	6.94209e-310
161	63095	1309	0.0207465	2.08	6.94209e-310
162	63095	1309	0.0207465	2.08	6.94209e-310
163	63095	1309	0.0207465	2.03	6.94209e-310
164	63095	1309	0.0207465	2.03	6.94209e-310
165	63095	1310	0.0207623	2.03	6.94209e-310
166	63095	1310	0.0207623	2.03	6.94209e-310
167	63095	1268	0.0200967	1.97	6.94209e-310
168	63095	1268	0.0200967	1.97	6.94209e-310
169	63095	1268	0.0200967	1.97	6.94209e-310
170	63095	1268	0.0200967	1.98	6.94209e-310
171	100000	1961	0.01961	3.25	6.94209e-310
172	100000	1961	0.01961	3.27	6.94209e-310
173	100000	1961	0.01961	3.25	6.94209e-310
174	100000	1961	0.01961	3.27	6.94209e-310
175	100000	1952	0.01952	3.09	6.94209e-310
176	100000	1953	0.01953	3.08	6.94209e-310
177	100000	1954	0.01954	3.08	6.94209e-310
178	100000	1954	0.01954	3.09	6.94209e-310
179	100000	2069	0.02069	3.13	6.94209e-310
180	100000	2071	0.02071	3.13	6.94209e-310
181	100000	2071	0.02071	3.13	6.94209e-310
182	100000	2071	0.02071	3.14	6.94209e-310
183	100000	1994	0.01994	3.15	6.94209e-310
184	100000	1994	0.01994	3.15	6.94209e-310
185	100000	1994	0.01994	3.16	6.94209e-310
186	100000	1994	0.01994	3.16	6.94209e-310

Thu Mar 26 05:13:03 2020
index	total	hit	ratio	time	stdev	numTread = 3
0	1000	20	0.0205	0.0325	0.0005
1	1584	26	0.0206667	0.04125	0.000390868
2	2511	33	0.020017	0.054166	0.000972629
3	3981	46	0.0203977	0.08375	0.00107111
4	6309	59	0.0198052	0.11	0.00152376
5	10000	79	0.0194877	0.153333	0.00156174

Thu Mar 26 05:13:03 2020
index	total	hit	ratio	time	stdev	numTread = 3
0	1000	31	0.031	0.0375	0
1	1584	27	0.0227601	0.04125	0.0082399
2	2511	31	0.0206161	0.0525	0.00737952
3	3981	42	0.0200464	0.076875	0.00646659
4	6309	54	0.0193974	0.11	0.00592775
5	10000	79	0.0195645	0.14875	0.00542416

Thu Mar 26 05:43:52 2020
index	total	hit	ratio	time	stdev	numTread = 3
0	1000	21	0.021	0.0325	0
1	1584	27	0.0209167	0.04125	8.33333e-05
2	2511	33	0.0200509	0.0575	0.00122625
3	3981	45	0.0202504	0.074375	0.00111679
4	6309	59	0.0197508	0.105	0.00141287
5	10000	77	0.0192757	0.15375	0.00167101

Thu Mar 26 05:43:52 2020
index	total	hit	ratio	time	stdev	numTread = 3
0	1000	10	0.01	0.04	0
1	1584	13	0.0100505	0.05	5.05051e-05
2	2511	18	0.0105501	0.0725	0.000707686
3	3981	25	0.0108484	0.105625	0.000803448
4	6309	35	0.011088	0.157	0.000863726
5	10000	48	0.0111566	0.200833	0.000803285

Thu Mar 26 07:28:11 2020
index	total	hit	ratio	time	stdev	numTread = 3
0	1000	20	0.0205	0.0325	0.0005
1	1584	24	0.019404	0.0425	0.00115158
2	2511	32	0.0194407	0.055	0.000941689
3	3981	45	0.0199184	0.081875	0.00116172
4	6309	58	0.0194535	0.111	0.00139434
5	10000	77	0.0190863	0.15	0.00151491

Thu Mar 26 07:28:12 2020
index	total	hit	ratio	time	stdev	numTread = 3
0	1000	10	0.01	0.055	0
1	1584	10	0.00847222	0.05875	0.00152778
2	2511	16	0.00949788	0.074166	0.00191311
3	3981	24	0.0100749	0.101875	0.00193493
4	6309	34	0.0104533	0.1265	0.00188924
5	10000	48	0.0106445	0.16375	0.00177679

Thu Mar 26 07:32:57 2020
index	total	hit	ratio	time	stdev	numTread = 3
0	1000	15	0.015	0.03	0
1	1584	18	0.0144444	0.04	0.000555556
2	2511	20	0.0129484	0.056666	0.00216386
3	3981	29	0.0132908	0.0775	0.00196557
4	6309	38	0.0129071	0.1045	0.00191843
5	10000	50	0.0125851	0.141666	0.00189362

Thu Mar 26 07:32:58 2020
index	total	hit	ratio	time	stdev	numTread = 3
0	1000	10	0.01	0.03	0
1	1584	14	0.0106818	0.03625	0.000681818
2	2511	17	0.0104731	0.051666	0.000658304
3	3981	20	0.0095504	0.07375	0.00169685
4	6309	27	0.00951067	0.107	0.00151979
5	10000	38	0.00944222	0.1525	0.00139579

Thu Mar 26 07:33:59 2020
index	total	hit	ratio	time	stdev	numTread = 3
0	1000	4	0.0045	0.035	0.0005
1	1584	13	0.00919444	0.045	0.00470774
2	2511	16	0.00918286	0.059166	0.00384389
3	3981	26	0.0103097	0.078125	0.00385934
4	6309	35	0.0104985	0.11	0.0034725
5	10000	47	0.0106154	0.153333	0.0031807

Thu Mar 26 07:34:00 2020
index	total	hit	ratio	time	stdev	numTread = 3
0	1000	24	0.024	0.04	0
1	1584	22	0.0186288	0.045	0.00537121
2	2511	25	0.0165344	0.055833	0.00529207
3	3981	28	0.014897	0.081875	0.00538985
4	6309	36	0.0139782	0.1125	0.00515922
5	10000	50	0.0137152	0.163333	0.00474629

Sat Mar 28 08:02:15 2020
type = undefinedindex	total	hit	ratio	time	stdev	numTread = 3
0	1000	15	0.015	0.03	0
1	1584	18	0.0141288	0.04	0.000871212
2	2511	19	0.012572	0.053333	0.00231585
3	3981	29	0.0130085	0.075	0.00214336
4	6309	37	0.0126258	0.099	0.00206419
5	10000	49	0.0123715	0.1425	0.00196827

Sat Mar 28 08:02:16 2020
type = undefinedindex	total	hit	ratio	time	stdev	numTread = 3
0	1000	24	0.024	0.03	0
1	1584	21	0.0176818	0.03875	0.00631818
2	2511	25	0.0163014	0.053333	0.00551582
3	3981	29	0.0147379	0.0725	0.00549099
4	6309	37	0.0140411	0.098	0.0051052
5	10000	52	0.0138176	0.13625	0.00468711

Sat Mar 28 08:04:02 2020
type = sourceindex	total	hit	ratio	time	stdev	numTread = 3
0	1000	14	0.01475	0.03	0.000433013
1	1584	18	0.0143194	0.04	0.000528326
2	2511	19	0.0124668	0.056666	0.00265534
3	3981	28	0.0129296	0.07625	0.0024353
4	6309	37	0.0125944	0.1005	0.00227901
5	10000	49	0.0123287	0.134583	0.00216364

Sat Mar 28 08:04:02 2020
type = reemitindex	total	hit	ratio	time	stdev	numTread = 3
0	1000	22	0.022	0.03	0
1	1584	18	0.0156559	0.03875	0.00634701
2	2511	21	0.0140215	0.046666	0.00567441
3	3981	23	0.0125257	0.06125	0.00555534
4	6309	32	0.0121445	0.0965	0.00502699
5	10000	48	0.0122704	0.12875	0.00459762

Sat Mar 28 08:04:34 2020
type = sourceindex	total	hit	ratio	time	stdev	numTread = 3
0	1000	14	0.01475	0.03	0.000433013
1	1584	18	0.0143194	0.03625	0.000528326
2	2511	19	0.0124668	0.054166	0.00265534
3	3981	27	0.0125842	0.074375	0.00230942
4	6309	36	0.012334	0.1005	0.00212567
5	10000	48	0.0121075	0.138333	0.00200554

Sat Mar 28 08:04:34 2020
type = reemitindex	total	hit	ratio	time	stdev	numTread = 3
0	1000	6	0.006	0.025	0
1	1584	11	0.00805051	0.045	0.00205051
2	2511	17	0.00934948	0.0525	0.0024855
3	3981	22	0.00927285	0.073125	0.0021566
4	6309	30	0.00947883	0.0995	0.00197242
5	10000	47	0.010049	0.13375	0.00220627
